374.65 1 2 2 2
380.17 1 2 1 2
386.24 1 2 1 2
388.99 1 2 1 2
391.75 1 2 1 2
391.2 1 2 1 2
385.68 1 2 1 2
387.89 1 2 1 2
387.34 1 2 1 2
387.34 1 2 1 2
395.62 1 2 1 2
390.65 1 2 1 2
386.24 1 1 1 2
389.55 1 2 1 2
385.68 2 1 1 2
388.99 1 2 1 2
385.68 2 1 1 2
386.79 1 1 1 2
386.79 1 1 1 2
386.79 1 1 1 2
395.62 1 2 1 2
395.06 1 2 1 2
402.24 1 2 1 2
402.24 1 2 1 2
403.89 1 2 1 2
403.89 1 2 1 2
399.48 1 2 1 2
396.72 1 2 1 2
387.34 2 1 2 1
388.44 2 1 2 1
381.27 2 1 2 1
382.93 2 1 2 1
377.41 2 1 2 1
371.34 2 1 2 1
367.48 2 1 1 1
374.1 2 1 1 1
371.34 2 1 1 1
374.1 2 1 1 1
368.03 2 1 1 1
369.13 2 1 1 1
366.92 2 1 1 1
369.68 2 1 1 1
368.58 2 1 1 1
368.58 2 1 1 1
368.03 2 1 1 1
368.03 2 1 1 1
372.44 1 1 1 1
371.89 1 1 1 1
371.34 2 1 1 1
365.82 2 1 1 1
363.61 2 1 1 1
365.82 2 1 1 1
360.85 2 1 1 1
359.2 2 1 1 1
358.1 2 1 1 1
355.89 2 1 1 1
357.54 2 1 1 1
361.41 2 1 1 1
356.99 2 1 2 1
350.92 2 1 2 1
347.61 2 1 2 1
347.61 2 1 2 1
341.54 2 1 1 1
344.85 2 1 1 1
347.61 2 1 1 1
346.51 2 1 1 1
343.2 2 1 1 1
347.06 2 1 1 1
345.96 2 1 1 1
345.41 2 1 1 1
350.37 1 1 1 1
355.61 1 1 1 1
358.1 1 1 1 1
359.75 1 2 1 1
363.06 1 2 1 1
363.61 1 2 1 1
366.37 1 2 1 2
372.99 1 2 1 2
366.92 1 2 1 2
365.82 1 2 1 2
366.92 1 2 1 2
366.37 1 2 1 2
366.92 1 2 1 2
366.92 1 2 1 2
364.72 1 1 1 2
366.92 1 2 1 2
369.13 1 2 1 2
365.27 2 1 1 2
363.61 2 1 1 2
365.27 1 1 1 2
361.41 2 1 1 2
365.27 1 1 1 2
365.82 1 2 1 2
360.85 2 1 1 2
358.1 2 1 1 2
358.65 2 1 2 2
357.54 2 1 2 1
357.54 2 1 2 1
357.54 2 1 2 1
358.1 2 1 2 1
359.2 2 1 2 1
356.99 2 1 2 1
354.79 2 1 2 1
344.85 2 1 2 1
345.96 2 1 2 1
340.44 2 1 2 1
341.54 2 1 1 1
339.34 2 1 1 1
339.89 2 1 1 1
339.89 2 1 1 1
344.85 2 1 1 1
349.82 1 1 1 1
353.68 1 1 1 1
353.68 1 1 1 1
354.23 1 1 1 1
351.75 1 1 1 1
351.47 1 1 1 1
356.99 1 2 1 1
368.03 1 2 1 2
368.03 1 2 1 2
368.03 1 2 1 2
375.75 1 2 1 2
372.44 1 2 1 2
371.34 1 2 1 2
372.44 1 2 1 2
368.58 1 2 1 2
365.82 1 1 1 2
366.37 1 1 1 2
366.37 1 1 1 2
370.23 1 2 1 2
374.65 1 2 1 2
377.96 1 2 1 2
382.37 1 2 1 2
385.13 1 2 1 2
390.1 1 2 1 2
388.99 1 2 1 2
385.13 1 2 1 2
382.37 1 2 1 2
377.41 2 1 1 2
379.61 1 1 1 2
382.37 1 2 1 2
385.68 1 2 1 2
380.72 1 1 1 2
376.3 2 1 1 2
378.51 2 1 1 2
380.72 1 1 1 2
380.72 1 1 2 2
381.82 1 1 2 2
387.89 1 2 2 2
388.99 1 2 2 2
387.89 1 2 2 2
388.44 1 2 2 2
392.86 1 2 2 2
392.31 1 2 1 2
391.75 1 2 2 2
384.58 2 1 2 2
379.61 2 1 2 1
382.37 2 1 2 1
377.41 2 1 2 1
372.99 2 1 2 1
377.96 2 1 2 1
380.72 2 1 2 1
384.58 1 1 2 2
393.96 1 2 2 2
397.27 1 2 2 2
394.51 1 2 2 2
385.13 2 1 2 2
386.79 2 1 2 2
382.93 2 1 2 2
383.48 2 1 2 2
387.89 1 1 2 2
386.24 1 1 2 2
384.03 2 1 2 1
382.37 2 1 2 1
384.03 2 1 2 1
388.44 1 1 2 0
380.17 2 1 2 1
370.23 2 1 2 1
360.85 2 1 2 1
365.82 2 1 1 1
367.48 2 1 1 1
369.68 2 1 1 1
364.72 2 1 1 1
360.85 2 1 1 1
366.37 2 1 1 1
370.23 2 1 1 1
365.82 2 1 1 1
362.51 2 1 1 1
354.79 2 1 1 1
344.85 2 1 1 1
343.75 2 1 1 1
342.65 2 1 1 1
344.3 2 1 1 1
344.3 2 1 1 1
348.72 2 1 1 1
343.2 2 1 1 1
342.65 2 1 1 1
346.51 2 1 1 1
346.51 2 1 1 1
346.51 2 1 1 1
344.3 2 1 1 1
344.3 2 1 1 1
345.96 2 1 1 1
352.58 1 1 1 1
355.34 1 1 1 1
354.79 1 1 1 1
349.82 2 1 1 1
340.99 2 1 1 1
339.34 2 1 1 1
331.61 2 1 1 1
336.03 2 1 1 1
329.4 2 1 1 1
334.92 2 1 1 1
324.99 2 1 1 1
329.96 2 1 1 1
333.82 2 1 1 1
336.03 2 1 1 1
334.92 2 1 1 1
340.99 1 1 1 1
349.82 1 2 1 2
357.54 1 2 1 2
353.13 1 2 1 2
355.89 1 2 1 2
358.65 1 2 1 2
353.13 1 2 1 2
354.79 1 2 1 2
355.34 1 2 1 2
360.3 1 2 1 2
363.06 1 2 1 2
360.3 1 2 1 2
352.58 2 1 1 2
355.34 1 1 1 2
358.65 1 2 1 2
363.06 1 2 1 2
365.27 1 2 1 2
363.06 1 2 1 2
364.72 1 2 1 2
361.41 1 2 1 2
362.51 1 2 1 2
360.85 1 2 1 2
365.82 1 2 1 2
357.54 2 1 1 2
354.79 2 1 1 2
353.13 2 1 1 2
353.68 2 1 1 1
351.47 2 1 2 1
343.2 2 1 2 1
337.68 2 1 2 1
344.3 2 1 2 1
352.03 1 1 2 1
350.37 2 1 2 1
353.13 1 1 2 1
353.13 1 1 2 1
358.1 1 1 2 1
359.75 1 2 2 2
357.54 1 1 2 2
359.2 1 2 2 2
362.51 1 2 2 1
355.89 2 1 2 1
358.65 1 2 2 1
358.1 1 1 2 1
358.1 1 1 2 1
360.85 1 2 2 1
361.96 1 2 2 2
361.41 1 2 2 1
363.06 1 2 2 2
371.34 1 2 2 2
375.2 1 2 2 2
375.2 1 2 1 2
377.41 1 2 1 2
377.96 1 2 1 2
380.72 1 2 1 2
381.27 1 2 1 2
380.72 1 2 1 2
383.48 1 2 1 2
384.58 1 2 1 2
379.06 1 2 1 2
380.72 1 2 1 2
377.96 1 2 1 2
377.96 1 2 1 2
377.96 1 2 1 2
380.17 1 2 1 2
379.06 1 2 1 2
376.86 2 1 1 2
376.86 2 1 1 2
376.86 2 1 1 2
374.1 2 1 1 2
375.2 2 1 1 2
371.89 2 1 1 2
368.58 2 1 2 2
376.86 1 1 2 2
370.79 2 1 2 1
368.03 2 1 2 1
365.82 2 1 2 1
365.27 2 1 2 1
362.51 2 1 2 1
373.55 1 1 2 1
374.65 1 1 2 1
375.2 1 1 2 1
373.55 1 1 2 1
374.1 1 2 2 1
375.2 1 2 2 1
373.55 1 2 2 1
374.65 1 2 2 1
370.23 2 1 2 1
374.65 1 2 2 1
374.1 1 2 2 1
372.44 2 2 2 1
370.79 2 2 2 1
370.23 2 2 2 1
368.58 2 1 2 1
380.72 1 2 2 2
379.61 1 2 2 2
393.41 1 2 2 2
391.2 1 2 2 2
392.31 1 2 2 2
400.58 1 2 2 2
402.24 1 2 1 2
404.44 1 2 1 2
407.2 1 2 1 2
406.1 1 2 1 2
401.13 1 2 1 2
394.51 2 1 1 2
397.82 1 1 1 2
391.75 2 1 1 2
388.99 2 1 1 2
392.86 2 1 1 2
391.2 2 1 1 2
390.65 2 1 1 2
395.06 1 1 1 2
405.55 1 2 1 2
403.89 1 2 1 2
405.55 1 2 1 2
405.55 1 2 1 2
406.1 1 2 1 2
402.79 1 2 1 2
412.17 1 2 1 2
411.07 1 2 1 2
417.13 1 2 1 2
418.24 1 2 1 2
415.48 1 2 1 2
415.48 1 2 1 2
409.96 1 2 1 2
407.2 2 1 1 0
411.07 1 2 1 2
416.58 1 2 1 2
420.45 1 2 1 2
420.45 1 2 1 2
420.45 1 2 1 2
421 1 2 1 2
420.45 1 2 1 2
419.34 1 2 1 2
422.65 1 2 1 2
421.55 1 2 1 2
420.45 1 2 1 2
421.55 1 2 1 2
422.1 1 2 1 2
422.1 1 2 2 2
421.55 1 2 2 2
418.24 2 2 2 2
421 1 2 2 2
422.1 1 2 2 2
422.65 1 2 2 2
418.79 2 2 2 2
419.89 2 2 2 2
418.24 2 2 2 2
419.34 2 2 2 2
414.38 2 2 2 2
412.72 2 1 2 2
407.2 2 1 2 1
409.41 2 1 2 1
411.07 2 1 2 1
408.31 2 1 2 1
408.31 2 1 2 1
409.96 2 1 2 1
404.44 2 1 2 1
407.75 2 1 2 1
404.44 2 1 2 1
400.03 2 1 2 1
395.62 2 1 2 1
393.96 2 1 2 1
402.24 2 1 1 1
399.48 2 1 1 1
402.79 2 1 1 1
405.55 1 1 1 1
407.2 1 1 1 1
407.2 1 1 1 1
406.65 1 1 2 1
406.65 1 1 2 1
407.75 1 1 2 1
415.48 1 2 2 1
418.79 1 2 2 2
423.2 1 2 2 2
427.62 1 2 2 2
425.41 1 2 2 2
424.86 1 2 2 2
418.24 1 1 1 2
416.58 2 1 1 2
410.51 2 1 1 2
413.82 2 1 1 2
409.41 2 1 1 2
408.31 2 1 1 2
411.07 2 1 1 2
411.07 2 1 1 2
414.38 1 1 1 2
409.96 2 1 1 2
408.31 2 1 1 2
410.51 2 1 1 2
409.96 2 1 2 2
410.51 2 1 2 2
408.31 2 1 2 2
409.96 2 1 2 2
409.41 2 1 2 2
411.07 1 1 2 2
411.62 1 1 2 1
415.48 1 1 2 1
422.1 1 2 2 1
422.65 1 2 2 1
419.89 1 2 2 1
422.1 1 2 2 1
420.45 1 2 2 2
412.17 2 1 2 1
406.65 2 1 2 1
414.38 2 2 2 2
414.38 2 2 2 2
407.75 2 1 2 1
409.96 2 1 2 1
412.17 2 1 2 2
415.48 1 2 2 2
421 1 2 2 2
419.34 1 2 2 2
421.55 1 2 2 2
422.65 1 2 2 2
421.55 1 2 2 2
419.34 1 2 2 2
417.13 2 2 2 2
419.89 1 2 2 2
425.41 1 2 2 2
423.76 1 2 2 2
421.55 1 2 2 2
424.86 1 2 2 2
423.2 1 2 2 2
416.58 2 1 2 1
418.24 2 2 2 1
418.24 2 2 2 1
418.24 2 2 2 2
414.93 2 1 2 2
416.58 2 1 2 2
401.13 2 1 2 1
405.55 2 1 2 1
416.86 1 1 2 2
418.79 1 2 2 2
419.34 1 2 2 2
419.34 1 2 2 1
417.13 1 2 2 1
416.58 1 1 2 1
417.13 1 2 2 1
419.34 1 2 2 1
421.55 1 2 2 2
423.76 1 2 2 2
423.2 1 2 2 2
424.86 1 2 2 1
424.86 1 2 2 2
421.55 1 2 2 0
424.31 1 2 2 1
423.2 1 2 2 0
424.86 1 2 2 2
423.76 1 2 2 2
419.34 2 2 2 2
416.03 2 1 2 1
411.07 2 1 2 1
416.03 2 1 2 1
417.13 2 2 2 2
414.93 2 1 2 2
416.58 2 2 2 1
420.45 1 2 2 2
423.2 1 2 2 2
427.62 1 2 2 2
432.03 1 2 2 2
438.65 1 2 2 2
439.76 1 2 2 2
437 1 2 2 2
440.31 1 2 2 2
435.89 1 2 2 2
435.89 1 2 2 2
432.58 1 2 2 2
427.62 2 1 2 2
425.41 2 1 2 2
427.07 2 1 2 2
430.38 1 1 2 2
433.14 1 2 2 2
436.45 1 2 2 2
436.45 1 2 2 2
439.21 1 2 1 2
445.83 1 2 1 2
449.14 1 2 1 2
438.65 1 1 1 2
438.1 1 1 1 2
447.48 1 2 1 2
444.17 1 2 1 2
445.27 1 2 1 2
441.41 1 2 1 2
440.31 2 2 2 2
439.76 2 1 2 2
442.52 1 2 2 2
444.17 1 2 2 2
445.83 1 2 2 2
462.38 1 2 2 2
464.03 1 2 2 2
465.14 1 2 1 2
463.48 1 2 1 2
466.24 1 2 1 2
466.24 1 2 1 2
462.38 1 2 1 2
455.76 2 1 1 2
455.76 2 1 1 2
457.41 1 2 1 2
462.93 1 2 1 2
462.38 1 2 1 2
464.03 1 2 1 2
456.86 2 1 1 2
451.9 2 1 1 2
456.31 2 1 1 2
454.65 2 1 1 2
456.86 2 1 1 2
459.07 1 2 1 2
456.86 2 1 2 2
454.65 2 1 2 2
462.38 1 2 2 2
465.69 1 2 2 2
466.24 1 2 2 2
475.07 1 2 2 2
473.41 1 2 2 2
470.66 1 2 2 2
468.45 1 2 2 2
467.9 1 2 2 2
466.79 1 2 2 2
463.48 2 1 2 2
464.03 2 1 2 2
469.55 1 2 2 2
469.55 1 2 2 2
469.55 1 2 2 2
480.59 1 2 2 2
483.35 1 2 2 2
497.69 1 2 2 2
497.69 1 2 1 2
496.04 1 2 1 2
501 1 2 1 2
496.04 1 2 1 2
487.21 1 1 1 2
482.24 2 1 1 2
492.73 1 2 1 2
488.31 1 1 1 2
492.73 1 2 1 2
498.24 1 2 1 2
507.62 1 2 1 2
502.11 1 2 1 2
497.14 1 1 1 2
498.8 1 2 1 2
496.59 1 1 1 2
492.17 2 1 1 2
494.38 2 1 1 2
491.07 2 1 1 2
499.35 1 2 1 2
503.76 1 2 1 2
508.18 1 2 1 2
504.31 1 2 1 2
512.04 1 2 1 2
510.38 1 2 1 2
512.04 1 2 2 2
507.07 1 2 2 2
507.62 1 2 2 2
504.87 2 2 2 2
507.62 1 2 2 2
506.52 1 2 2 2
506.52 1 2 2 2
508.73 1 2 2 2
507.07 1 2 2 2
513.14 1 2 2 2
518.66 1 2 2 2
522.52 1 2 2 2
526.94 1 2 2 2
531.9 1 2 2 2
534.11 1 2 2 2
517.56 2 1 1 2
515.9 2 1 1 2
515.35 2 1 1 2
519.21 1 1 1 2
515.9 2 1 1 2
512.59 2 1 2 2
515.35 2 1 2 2
519.76 1 1 2 2
521.97 1 1 2 2
526.38 1 2 2 2
524.18 1 2 2 2
518.11 2 1 2 2
515.9 2 1 2 2
509.83 2 1 2 2
508.73 2 1 2 2
510.38 2 1 2 2
509.83 2 1 2 2
508.18 2 1 2 2
504.87 2 1 2 1
509.83 2 1 2 1
509.83 2 1 2 1
506.52 2 1 2 1
503.76 2 1 2 1
499.9 2 1 2 1
500.45 2 1 2 1
495.49 2 1 2 1
494.38 2 1 2 1
500.45 2 1 2 1
498.8 2 1 2 1
495.49 2 1 2 1
496.04 2 1 2 1
490.52 2 1 2 1
487.76 2 1 2 1
492.73 2 1 1 1
494.38 2 1 1 1
494.38 2 1 1 1
507.62 1 2 1 1
507.07 1 2 2 1
507.07 1 2 2 1
507.07 1 2 2 1
509.83 1 2 2 0
504.31 1 2 2 1
508.18 1 2 2 2
512.04 1 2 2 2
507.07 1 2 2 1
504.31 2 2 2 1
500.45 2 1 2 1
501.55 2 1 2 2
500.45 2 1 2 0
500.45 2 1 2 2
498.24 2 1 2 2
506.52 1 2 2 2
513.14 1 2 2 2
520.87 1 2 2 2
528.59 1 2 2 2
527.49 1 2 2 2
520.87 1 2 2 2
523.63 1 2 1 2
514.25 2 1 1 2
512.04 2 1 1 2
509.83 2 1 1 2
507.62 2 1 2 2
507.62 2 1 2 2
507.62 2 1 2 2
507.62 2 1 2 1
505.42 2 1 2 2
501 2 1 2 1
501 2 1 2 1
501.55 2 1 2 1
500.45 2 1 2 1
504.87 2 1 2 2
506.52 1 1 2 2
509.83 1 1 2 2
512.04 1 1 2 2
510.38 1 1 2 2
512.04 1 1 2 2
512.59 1 1 2 1
509.28 1 1 2 1
513.14 1 1 2 1
514.8 1 1 2 1
520.87 1 2 2 0
520.31 1 2 2 1
515.9 1 2 2 2
518.66 1 2 2 2
517.56 1 2 2 2
517 1 2 2 2
520.31 1 2 2 2
524.18 1 2 2 2
521.97 1 2 2 2
520.31 1 2 2 2
521.97 1 2 2 2
514.8 2 2 2 2
510.38 2 1 2 2
514.25 2 2 2 2
513.69 2 1 2 2
518.66 1 2 2 2
518.66 1 2 2 2
520.31 1 2 2 2
519.21 1 2 2 2
518.11 1 2 2 2
520.31 1 2 2 2
521.97 1 2 2 2
528.04 1 2 2 2
525.28 1 2 2 2
520.87 2 2 2 0
523.07 1 2 2 2
517.56 2 2 2 2
518.11 2 2 2 1
513.69 2 1 2 1
507.62 2 1 2 1
511.49 2 1 2 1
520.31 1 2 2 1
519.76 1 2 2 1
519.76 1 2 2 1
527.49 1 2 2 2
523.07 1 2 2 2
523.07 1 2 2 2
519.21 2 2 2 2
525.83 1 2 2 2
523.07 1 2 2 2
519.76 2 2 2 2
514.25 2 1 2 1
514.25 2 1 2 1
521.42 1 2 2 2
525.28 1 2 2 2
519.21 2 2 2 1
517.56 2 2 2 1
521.97 1 2 2 1
523.63 1 2 2 2
513.14 2 1 2 1
504.87 2 1 2 1
504.87 2 1 2 1
514.25 2 1 2 2
514.8 2 1 2 2
514.8 2 1 2 2
510.38 2 1 2 1
512.59 2 1 2 1
520.31 1 2 2 2
513.14 2 1 2 1
510.38 2 1 2 1
507.07 2 1 2 1
510.93 2 1 2 1
519.21 1 2 2 1
523.07 1 2 2 0
529.69 1 2 2 2
530.25 1 2 2 2
542.94 1 2 2 2
566.11 1 2 2 2
584.32 1 2 1 2
577.15 1 2 1 2
580.46 1 2 1 2
570.53 1 1 1 2
577.15 1 2 1 2
578.8 1 2 1 2
585.98 1 2 1 2
584.87 1 2 1 2
575.49 1 2 1 2
584.87 1 2 1 2
594.25 1 2 1 2
589.84 1 2 1 2
586.53 1 2 1 2
574.94 2 1 1 2
568.87 2 1 1 2
565.56 2 1 1 2
571.08 2 1 1 2
570.53 2 1 1 2
574.39 1 1 1 2
573.84 1 1 1 2
581.01 1 1 1 2
587.63 1 2 1 2
601.98 1 2 1 2
603.63 1 2 1 2
594.25 1 2 1 2
599.22 1 2 1 2
603.63 1 2 1 2
611.91 1 2 2 2
606.39 1 2 1 2
605.29 1 2 1 2
608.05 1 2 1 2
606.39 1 2 1 2
611.91 1 2 1 2
610.25 1 2 1 2
611.91 1 2 1 2
595.91 2 1 1 2
588.18 2 1 1 2
595.35 2 1 1 2
595.35 2 1 1 2
601.42 1 2 1 2
595.35 2 1 1 2
582.66 2 1 1 2
581.01 2 1 1 2
582.11 2 1 1 2
577.15 2 1 1 1
582.66 2 1 1 1
577.15 2 1 1 1
572.73 2 1 1 1
573.28 2 1 1 1
583.22 1 1 1 1
591.49 1 1 1 1
592.6 1 1 1 1
595.35 1 1 1 1
592.6 1 1 1 1
588.18 1 1 1 1
580.46 2 1 1 1
579.35 2 1 1 1
583.77 2 1 1 1
584.32 2 1 2 1
585.98 1 1 2 1
587.08 1 1 2 1
590.94 1 2 2 1
590.39 1 2 2 1
590.39 1 2 2 1
593.15 1 2 2 1
599.22 1 2 2 2
599.77 1 2 2 2
611.36 1 2 2 2
615.77 1 2 2 2
617.43 1 2 2 2
617.43 1 2 2 2
617.43 1 2 1 2
622.94 1 2 1 2
614.67 1 2 1 2
615.22 1 2 1 2
615.22 1 2 1 2
616.32 1 2 1 2
603.08 2 1 1 2
602.53 2 1 1 2
599.22 2 1 1 2
600.87 2 1 1 2
589.84 2 1 1 2
579.91 2 1 1 1
581.56 2 1 1 1
585.98 2 1 1 1
589.29 2 1 1 1
595.35 1 1 1 2
600.32 1 1 1 2
604.73 1 1 1 2
610.25 1 1 1 2
611.91 1 2 1 2
611.91 1 2 1 2
617.98 1 2 2 2
619.08 1 2 2 2
618.53 1 2 1 2
612.46 1 2 1 1
621.29 1 2 1 1
624.05 1 2 1 2
633.43 1 2 1 2
634.53 1 2 1 2
635.08 1 2 1 2
637.29 1 2 1 2
633.43 1 2 1 2
630.67 1 2 1 2
633.43 1 2 1 2
639.5 1 2 1 2
640.6 1 2 1 2
631.22 1 2 1 2
630.67 2 2 1 2
636.19 1 2 1 2
632.32 1 2 1 2
632.32 1 2 1 2
640.05 1 2 1 2
656.05 1 2 1 2
666.53 1 2 1 2
675.91 1 2 1 2
679.22 1 2 1 2
674.81 1 2 1 2
666.53 1 2 1 2
667.08 1 2 1 2
671.5 1 2 1 2
683.09 1 2 1 2
686.4 1 2 1 2
687.5 1 2 1 2
688.6 1 2 1 2
686.4 1 2 1 2
684.74 1 2 1 2
675.91 2 2 1 2
668.19 2 1 1 2
665.43 2 1 1 2
669.29 2 1 1 2
663.77 2 1 1 2
662.12 2 1 1 2
656.6 2 1 1 2
655.5 2 1 1 2
655.5 2 1 1 2
645.01 2 1 1 2
647.22 2 1 1 1
656.05 2 1 1 1
654.95 2 1 1 1
656.05 2 1 1 1
641.7 2 1 2 1
631.22 2 1 1 1
623.49 2 1 1 1
615.22 2 1 1 1
615.22 2 1 1 1
615.22 2 1 1 1
621.29 2 1 1 1
621.84 2 1 1 1
619.63 2 1 1 1
616.87 2 1 1 1
619.63 2 1 1 1
623.49 2 1 1 1
620.18 2 1 1 1
617.98 2 1 1 1
615.22 2 1 1 1
608.05 2 1 1 1
603.63 2 1 1 1
597.56 2 1 1 1
594.8 2 1 1 1
597.29 2 1 1 1
597.29 2 1 1 1
599.77 2 1 1 1
600.87 2 1 1 1
600.32 2 1 1 1
599.22 2 1 1 1
604.18 1 1 1 1
601.98 2 1 1 1
601.42 2 1 1 1
609.15 1 1 2 1
587.08 2 1 2 1
583.77 2 1 2 1
571.63 2 1 2 1
559.49 2 1 1 1
549.56 2 1 1 1
551.21 2 1 1 1
557.83 2 1 1 1
567.22 2 1 1 1
565.56 2 1 1 1
565.56 2 1 1 1
561.7 2 1 1 1
561.7 2 1 1 1
561.7 2 1 1 1
564.46 2 1 1 1
563.35 2 1 1 1
560.59 2 1 1 1
566.11 1 1 1 1
566.11 1 1 1 1
571.63 1 1 1 1
570.53 1 1 1 1
568.87 1 1 1 1
576.04 1 1 1 1
578.25 1 1 1 1
571.63 1 1 1 1
568.32 2 1 1 1
572.73 1 2 1 1
576.59 1 2 1 2
575.49 1 2 1 2
574.39 1 2 2 2
569.97 2 2 2 2
570.53 2 2 2 2
570.53 2 2 2 2
571.08 2 2 2 2
568.87 2 2 2 2
566.66 2 1 2 2
558.94 2 1 2 1
551.77 2 1 2 1
554.52 2 1 2 1
555.08 2 1 2 1
558.39 2 1 2 1
556.73 2 1 2 1
552.87 2 1 2 1
539.07 2 1 2 1
525.83 2 1 2 1
526.94 2 1 1 1
529.14 2 1 1 1
533.01 2 1 1 1
523.63 2 1 1 1
522.52 2 1 1 1
525.28 2 1 1 1
525.83 2 1 1 1
529.69 2 1 1 1
535.21 1 1 1 1
536.87 1 1 1 1
538.52 1 1 1 1
541.83 1 1 1 1
545.14 1 1 1 1
542.94 1 1 1 1
537.97 2 1 1 1
530.25 2 1 1 1
529.69 2 1 1 1
530.8 2 1 1 1
524.73 2 1 1 1
532.45 2 1 1 1
538.52 1 1 1 1
544.04 1 2 1 1
555.08 1 2 2 2
565.56 1 2 2 2
584.32 1 2 1 2
578.8 1 2 1 2
582.66 1 2 1 2
584.87 1 2 1 2
590.39 1 2 1 2
594.8 1 2 1 2
592.04 1 2 1 2
593.15 1 2 1 2
593.15 1 2 1 2
604.73 1 2 1 2
602.53 1 2 1 2
601.98 1 2 1 2
594.8 1 2 1 2
591.49 1 1 1 2
587.63 2 1 1 2
587.63 2 1 1 2
585.42 2 1 1 2
583.77 2 1 1 2
576.59 2 1 1 2
582.11 2 1 1 2
578.25 2 1 1 2
578.8 2 1 1 2
584.32 1 1 1 2
589.84 1 1 1 2
588.18 1 1 1 2
599.77 1 2 1 2
595.91 1 2 2 2
593.15 1 2 2 2
595.35 1 2 2 2
589.84 2 1 2 1
590.39 1 1 2 1
583.22 2 1 2 1
576.59 2 1 2 1
583.77 2 1 2 1
586.53 2 1 2 1
586.53 2 1 2 1
583.22 2 1 2 1
580.46 2 1 2 1
579.35 2 1 2 1
584.32 2 1 2 1
593.7 1 2 2 2
603.63 1 2 2 2
615.22 1 2 2 2
617.98 1 2 2 2
617.98 1 2 2 2
624.6 1 2 2 2
634.53 1 2 1 2
638.39 1 2 1 2
636.19 1 2 1 2
634.53 1 2 1 2
629.56 1 2 1 2
629.56 1 2 1 2
635.08 1 2 1 2
643.36 1 2 1 2
644.46 1 2 1 2
631.77 1 2 1 2
620.74 2 1 1 2
608.05 2 1 1 2
612.46 2 1 1 2
621.84 2 1 1 2
623.49 1 1 1 2
608.6 2 1 1 2
599.22 2 1 1 2
609.7 2 1 1 2
612.46 2 1 1 2
615.22 2 1 1 2
618.53 1 1 1 2
610.25 2 1 1 1
601.42 2 1 1 1
602.53 2 1 1 1
604.73 2 1 1 1
608.05 2 1 1 1
618.53 1 1 1 1
618.53 1 1 1 1
627.36 1 1 1 1
642.25 1 2 1 2
640.05 1 2 1 2
645.57 1 2 1 2
646.67 1 2 1 2
643.36 1 2 1 2
647.77 1 2 1 2
646.12 1 2 1 2
651.08 1 2 1 2
647.77 1 2 1 2
644.46 1 2 1 2
639.5 2 2 1 2
643.91 1 2 1 2
646.67 1 2 1 2
654.95 1 2 1 2
654.95 1 2 1 2
659.08 1 2 1 2
667.08 1 2 1 2
670.4 1 2 1 2
670.4 1 2 1 2
670.4 1 2 1 2
669.29 1 2 1 2
663.77 1 2 1 2
663.77 1 2 1 2
663.77 1 2 1 2
661.57 1 2 1 2
658.81 2 2 1 2
664.88 1 2 1 2
669.84 1 2 2 2
661.02 2 2 2 2
648.88 2 1 2 2
643.36 2 1 2 1
641.15 2 1 2 1
642.81 2 1 2 1
648.32 2 1 2 2
659.91 1 2 2 2
666.53 1 2 2 2
661.02 1 2 2 2
656.6 1 1 2 2
658.26 1 2 2 2
654.95 2 1 2 1
658.26 1 2 2 1
658.81 1 2 2 1
661.02 1 2 2 1
670.95 1 2 2 2
672.05 1 2 2 2
682.53 1 2 2 2
677.02 1 2 2 2
680.33 1 2 2 2
672.05 1 2 2 2
675.36 1 2 2 2
680.33 1 2 2 2
677.02 1 2 2 2
671.5 2 2 2 2
669.84 2 2 2 2
668.74 2 1 2 2
675.36 1 2 2 2
676.46 1 2 2 2
665.43 2 1 2 2
661.57 2 1 2 2
641.15 2 1 2 1
634.53 2 1 2 1
619.08 2 1 2 1
623.49 2 1 1 1
633.98 2 1 1 1
618.53 2 1 1 1
614.11 2 1 1 1
614.11 2 1 1 1
610.25 2 1 1 1
617.43 2 1 1 1
611.36 2 1 1 1
600.6 2 1 1 1
601.42 2 1 1 1
597.01 2 1 1 1
601.98 2 1 1 1
598.67 2 1 1 1
593.15 2 1 1 1
596.46 2 1 1 1
583.77 2 1 1 1
582.66 2 1 1 1
588.18 2 1 1 1
581.01 2 1 1 1
576.59 2 1 1 1
577.7 2 1 1 1
564.46 2 1 1 1
567.22 2 1 1 1
561.15 2 1 1 1
558.94 2 1 1 1
558.94 2 1 1 1
558.94 2 1 1 1
563.9 2 1 1 1
564.46 2 1 1 1
562.8 2 1 1 1
563.35 2 1 1 1
567.22 2 1 1 1
577.15 1 1 1 1
580.46 1 1 1 1
580.46 1 1 1 1
592.04 1 2 1 1
583.77 1 1 1 1
575.49 2 1 1 1
581.01 1 1 1 1
582.39 1 2 1 1
597.01 1 2 1 2
593.15 1 2 1 2
601.42 1 2 1 2
601.98 1 2 1 2
596.46 1 2 1 2
591.77 1 2 1 2
591.77 1 2 1 2
588.73 2 1 1 2
578.8 2 1 1 2
588.18 2 1 1 2
592.6 1 2 1 2
592.6 1 2 1 2
593.7 1 2 1 2
592.6 1 2 1 2
595.91 1 2 1 2
564.46 2 1 1 1
563.9 2 1 1 1
560.04 2 1 1 1
552.87 2 1 1 1
561.15 2 1 1 1
557.28 2 1 1 1
552.32 2 1 1 1
551.77 2 1 1 1
545.7 2 1 1 1
549.01 2 1 1 1
553.42 2 1 1 1
553.42 2 1 1 1
557.28 2 1 1 1
549.01 2 1 1 1
553.97 2 1 1 1
550.11 2 1 1 1
537.97 2 1 1 1
545.14 2 1 1 1
556.18 1 1 1 1
554.52 1 1 1 1
553.97 1 1 1 1
551.77 2 1 1 1
557.28 1 1 1 1
557.28 1 1 1 1
555.08 1 2 1 1
552.87 2 2 1 1
544.04 2 1 1 1
538.52 2 1 2 1
536.87 2 1 2 1
536.87 2 1 2 1
529.14 2 1 2 1
530.8 2 1 2 1
532.45 2 1 2 1
535.21 2 1 2 1
532.45 2 1 2 1
535.21 2 1 2 1
534.11 2 1 2 1
535.76 2 1 2 1
539.07 1 1 2 1
546.25 1 2 2 1
546.25 1 2 2 2
553.97 1 2 2 2
547.9 1 2 2 1
546.25 1 2 2 1
550.11 1 2 2 1
557.28 1 2 2 2
554.52 1 2 2 1
556.73 1 2 2 1
561.15 1 2 2 2
561.7 1 2 2 2
561.15 1 2 2 2
557.28 1 2 2 2
560.04 1 2 2 2
555.63 1 2 2 2
557.83 1 2 2 2
557.28 1 2 1 2
564.46 1 2 1 2
577.15 1 2 1 2
578.25 1 2 1 2
578.8 1 2 1 2
588.73 1 2 1 2
596.46 1 2 1 2
586.53 1 2 1 2
582.66 1 1 1 2
574.94 2 1 1 2
605.29 1 2 1 2
610.8 1 2 1 2
621.29 1 2 1 2
623.49 1 2 1 2
617.98 1 2 1 2
622.94 1 2 1 2
621.29 1 2 1 2
618.53 1 2 1 2
624.05 1 2 1 2
628.46 1 2 1 2
645.01 1 2 1 2
645.01 1 2 1 2
632.32 1 2 1 2
633.98 1 2 1 2
629.56 1 1 1 2
635.08 1 2 1 2
641.7 1 2 1 2
637.84 1 2 1 2
638.39 1 2 1 2
640.05 1 2 1 2
642.81 1 2 1 2
632.32 2 2 1 2
630.12 2 1 1 2
616.87 2 1 1 2
618.53 2 1 1 2
620.74 2 1 1 2
618.53 2 1 1 1
608.05 2 1 1 1
606.39 2 1 2 1
605.29 2 1 2 1
606.94 2 1 2 1
601.42 2 1 2 1
608.05 2 1 1 1
611.91 2 1 1 1
615.77 1 1 1 1
620.18 1 1 1 1
613.56 2 1 1 1
620.74 1 1 1 1
611.91 2 1 1 1
609.15 2 1 1 1
604.18 2 1 1 1
611.91 2 1 1 1
619.08 1 1 1 1
623.49 1 1 1 1
633.43 1 2 2 1
631.22 1 2 2 1
638.39 1 2 2 2
636.74 1 2 2 2
627.36 1 2 2 2
629.01 1 2 2 2
624.6 2 1 2 2
624.6 2 1 2 2
615.77 2 1 2 2
615.77 2 1 2 2
617.43 2 1 2 2
625.15 1 1 2 2
627.91 1 2 2 2
630.12 1 2 2 2
622.39 2 1 2 2
626.25 1 2 2 2
624.05 2 1 2 2
622.94 2 1 2 2
620.74 2 1 2 2
625.7 1 2 2 2